
                        S T E P       1


     E I G E N V A L U E   O U T P U T

 MODE NO    EIGENVALUE                       FREQUENCY   
                                     REAL PART            IMAGINARY PART
                           (RAD/TIME)      (CYCLES/TIME     (RAD/TIME)

      1   0.2617911E+08   0.5116553E+04   0.8143247E+03   0.0000000E+00
      2   0.8950225E+08   0.9460563E+04   0.1505695E+04   0.0000000E+00
      3   0.3057761E+09   0.1748645E+05   0.2783056E+04   0.0000000E+00
      4   0.3601819E+09   0.1897846E+05   0.3020515E+04   0.0000000E+00
      5   0.6994235E+09   0.2644662E+05   0.4209110E+04   0.0000000E+00
      6   0.7073679E+09   0.2659639E+05   0.4232947E+04   0.0000000E+00
      7   0.1686800E+10   0.4107067E+05   0.6536600E+04   0.0000000E+00
      8   0.2331594E+10   0.4828658E+05   0.7685048E+04   0.0000000E+00
      9   0.2468252E+10   0.4968150E+05   0.7907057E+04   0.0000000E+00
     10   0.3688495E+10   0.6073298E+05   0.9665954E+04   0.0000000E+00
     11   0.3973943E+10   0.6303922E+05   0.1003300E+05   0.0000000E+00
     12   0.4168226E+10   0.6456180E+05   0.1027533E+05   0.0000000E+00
     13   0.4519064E+10   0.6722398E+05   0.1069903E+05   0.0000000E+00
     14   0.5696909E+10   0.7547787E+05   0.1201268E+05   0.0000000E+00
     15   0.5851498E+10   0.7649509E+05   0.1217457E+05   0.0000000E+00
     16   0.8370205E+10   0.9148883E+05   0.1456090E+05   0.0000000E+00
     17   0.1109223E+11   0.1053197E+06   0.1676214E+05   0.0000000E+00
     18   0.1212791E+11   0.1101268E+06   0.1752722E+05   0.0000000E+00
     19   0.1345376E+11   0.1159903E+06   0.1846044E+05   0.0000000E+00
     20   0.1363686E+11   0.1167770E+06   0.1858563E+05   0.0000000E+00
     21   0.1545063E+11   0.1243005E+06   0.1978305E+05   0.0000000E+00
     22   0.1622515E+11   0.1273780E+06   0.2027284E+05   0.0000000E+00
     23   0.1733359E+11   0.1316571E+06   0.2095388E+05   0.0000000E+00
     24   0.1854860E+11   0.1361933E+06   0.2167583E+05   0.0000000E+00
     25   0.2039286E+11   0.1428036E+06   0.2272790E+05   0.0000000E+00
     26   0.2046058E+11   0.1430405E+06   0.2276560E+05   0.0000000E+00
     27   0.2498400E+11   0.1580633E+06   0.2515655E+05   0.0000000E+00
     28   0.2529941E+11   0.1590579E+06   0.2531485E+05   0.0000000E+00
     29   0.2601745E+11   0.1612993E+06   0.2567157E+05   0.0000000E+00
     30   0.2633770E+11   0.1622889E+06   0.2582909E+05   0.0000000E+00
     31   0.2875746E+11   0.1695802E+06   0.2698953E+05   0.0000000E+00
     32   0.3052741E+11   0.1747209E+06   0.2780770E+05   0.0000000E+00
     33   0.3324097E+11   0.1823211E+06   0.2901730E+05   0.0000000E+00
     34   0.3423585E+11   0.1850293E+06   0.2944833E+05   0.0000000E+00
     35   0.3757930E+11   0.1938538E+06   0.3085279E+05   0.0000000E+00
     36   0.3767343E+11   0.1940964E+06   0.3089141E+05   0.0000000E+00
     37   0.4217274E+11   0.2053600E+06   0.3268406E+05   0.0000000E+00
     38   0.4232168E+11   0.2057223E+06   0.3274173E+05   0.0000000E+00
     39   0.4608030E+11   0.2146632E+06   0.3416471E+05   0.0000000E+00
     40   0.4677465E+11   0.2162745E+06   0.3442115E+05   0.0000000E+00

     P A R T I C I P A T I O N   F A C T O R S

MODE NO.   X-COMPONENT     Y-COMPONENT     Z-COMPONENT     X-ROTATION      Y-ROTATION      Z-ROTATION

      1   0.5956959E+00   0.1712585E-04   0.5505018E-03   0.8544222E-04  -0.8940556E-02  -0.6375974E-01
      2   0.9098498E-03   0.2918057E-04  -0.6195803E+00  -0.6481525E-01   0.4181314E-02  -0.6036580E-04
      3   0.2312083E-03   0.3468726E-02   0.2402281E-03   0.4267643E-04  -0.9915955E-02   0.1461787E-04
      4  -0.1161170E-02   0.2710656E-01  -0.9769936E-04   0.3955695E-03   0.1077254E-02   0.1942483E-03
      5  -0.9486769E-01  -0.1460387E-03   0.1443722E-01   0.1004303E-02   0.1262590E-02   0.3667751E-02
      6  -0.3042987E+00  -0.2894467E-03  -0.8246813E-02  -0.4704197E-03   0.4628909E-02   0.1155764E-01
      7   0.8247045E-05  -0.1052835E-01   0.3741094E-02  -0.6065181E-04  -0.2817792E-02  -0.7063301E-04
      8  -0.6621396E-02   0.1733271E-02   0.4288796E+00   0.1486797E-01  -0.2888942E-02   0.3405459E-03
      9  -0.4864990E-04   0.1528480E+00  -0.5514078E-02   0.2087352E-02  -0.1438350E-02   0.1022161E-02
     10  -0.1749899E-03  -0.5065639E+00   0.6900482E-03  -0.7600781E-02  -0.3962364E-02  -0.3413896E-02
     11  -0.3370604E-02  -0.4729121E+00  -0.1582154E-02  -0.7117532E-02   0.4193463E-02  -0.3079460E-02
     12   0.6169606E-01  -0.7300488E-03  -0.3385804E-02  -0.1083141E-03  -0.9018628E-03   0.6778042E-02
     13   0.2494974E+00  -0.5180425E-02   0.1601096E-01   0.3824254E-03  -0.3797457E-02  -0.1025192E-01
     14   0.1048798E-02  -0.1186005E+00  -0.5013538E-04  -0.1783437E-02  -0.1130095E-02  -0.8756648E-03
     15   0.8930847E-02  -0.5130213E-02   0.9432720E-02   0.1630624E-03  -0.2408279E-03  -0.5133742E-03
     16   0.1810455E-03   0.1090196E-01  -0.6779411E-02   0.5148243E-04   0.2705143E-02   0.6414896E-04
     17  -0.4914167E-01   0.5606949E-03   0.4552967E+00   0.9857044E-02  -0.3577755E-02   0.1761914E-02
     18   0.5068986E-02   0.4096288E-01  -0.3069188E-03   0.5885601E-03  -0.9048950E-02   0.1060752E-03
     19   0.4788807E-01  -0.3513744E-01   0.4510718E-01   0.4259816E-03  -0.1859897E-01  -0.1723564E-02
     20  -0.3511060E+00  -0.3794581E-02  -0.1359039E+00  -0.2887511E-02   0.4208701E-02   0.1077507E-01
     21   0.5130125E-01  -0.3598199E-02  -0.5378245E+00  -0.1198070E-01   0.2094887E-01  -0.1337664E-02
     22  -0.3021029E-01  -0.2876006E-02   0.2737729E+00   0.5936465E-02   0.3510021E-01   0.6811244E-03
     23  -0.6336438E-01  -0.1127090E-02  -0.2545764E+00  -0.5492353E-02  -0.2016820E-02   0.1162874E-02
     24  -0.7722887E-02   0.4865458E-01  -0.1449308E-01   0.3984597E-03  -0.4213115E-02   0.4944726E-03
     25   0.9254308E-01   0.3057151E-01  -0.9986841E-02   0.3307787E-03  -0.1586220E-02  -0.1918756E-02
     26   0.5420207E+00  -0.5559948E-02  -0.6002353E-01  -0.9700049E-03  -0.7709387E-02  -0.1232229E-01
     27   0.3170645E+00  -0.9783814E-02   0.1893772E+00   0.2281552E-02  -0.5682911E-02  -0.7603534E-02
     28  -0.5634283E-01  -0.1395617E+00  -0.2426245E-01  -0.2431464E-02   0.6749505E-03   0.3577141E-03
     29  -0.1964051E+00   0.6245061E-01  -0.6706059E-02   0.7784329E-03   0.5829382E-02   0.5536700E-02
     30   0.4235162E+00   0.1880437E-01  -0.7014143E-01  -0.5932815E-03  -0.4879662E-02  -0.1134848E-01
     31  -0.8372186E-02   0.4322131E-01   0.4610355E-02   0.7310482E-03  -0.6221877E-03   0.5001693E-03
     32   0.2162576E+00  -0.8963826E-03  -0.5624385E-01  -0.7647242E-03  -0.2870941E-02  -0.4295390E-02
     33  -0.9412856E-01   0.2457427E-01   0.2147660E-01   0.2459980E-03   0.5840131E-03   0.4130999E-02
     34  -0.2773895E-01  -0.1044332E+00   0.1226565E-02  -0.1660305E-02   0.3260425E-02   0.4527555E-03
     35  -0.1355636E+00   0.1093488E+00  -0.2096238E-01   0.1632413E-02   0.2682332E-02   0.8240107E-02
     36   0.7118816E-01   0.2162727E+00   0.8107177E-02   0.3212601E-02   0.4901733E-04  -0.2268947E-02
     37  -0.6795762E-01   0.1852636E-01  -0.1400400E-01  -0.5656422E-05   0.1031532E-02   0.2723988E-02
     38   0.5460258E-01   0.1864039E-01   0.1208488E-01   0.5189679E-03  -0.9771917E-03  -0.1758973E-02
     39   0.1528293E-01   0.9911284E-02   0.2089421E-01   0.1466830E-03  -0.4433383E-03   0.2173304E-03
     40  -0.5429899E-02   0.1325550E+00   0.3384868E-03   0.1999492E-02  -0.7108722E-03   0.9344809E-03

     E F F E C T I V E   M O D A L   M A S S

MODE NO.   X-COMPONENT     Y-COMPONENT     Z-COMPONENT     X-ROTATION      Y-ROTATION      Z-ROTATION

      1   0.3548536E+00   0.2932946E-09   0.3030522E-06   0.7300373E-08   0.7993354E-04   0.4065304E-02
      2   0.8278266E-06   0.8515055E-09   0.3838797E+00   0.4201016E-02   0.1748339E-04   0.3644030E-08
      3   0.5345728E-07   0.1203206E-04   0.5770953E-07   0.1821278E-08   0.9832616E-04   0.2136820E-09
      4   0.1348316E-05   0.7347654E-03   0.9545164E-08   0.1564752E-06   0.1160477E-05   0.3773240E-07
      5   0.8999879E-02   0.2132731E-07   0.2084332E-03   0.1008624E-05   0.1594135E-05   0.1345239E-04
      6   0.9259768E-01   0.8377941E-07   0.6800992E-04   0.2212947E-06   0.2142680E-04   0.1335789E-03
      7   0.6801375E-10   0.1108462E-03   0.1399578E-04   0.3678642E-08   0.7939953E-05   0.4989022E-08
      8   0.4384289E-04   0.3004227E-05   0.1839377E+00   0.2210565E-03   0.8345989E-05   0.1159715E-06
      9   0.2366813E-08   0.2336250E-01   0.3040506E-04   0.4357039E-05   0.2068850E-05   0.1044814E-05
     10   0.3062145E-07   0.2566070E+00   0.4761665E-06   0.5777186E-04   0.1570033E-04   0.1165468E-04
     11   0.1136097E-04   0.2236458E+00   0.2503212E-05   0.5065926E-04   0.1758513E-04   0.9483075E-05
     12   0.3806404E-02   0.5329713E-06   0.1146367E-04   0.1173195E-07   0.8133566E-06   0.4594186E-04
     13   0.6224893E-01   0.2683680E-04   0.2563509E-03   0.1462492E-06   0.1442068E-04   0.1051018E-03
     14   0.1099978E-05   0.1406607E-01   0.2513556E-08   0.3180648E-05   0.1277116E-05   0.7667888E-06
     15   0.7976003E-04   0.2631909E-04   0.8897621E-04   0.2658935E-07   0.5799807E-07   0.2635530E-06
     16   0.3277747E-07   0.1188527E-03   0.4596041E-04   0.2650440E-08   0.7317797E-05   0.4115090E-08
     17   0.2414904E-02   0.3143788E-06   0.2072951E+00   0.9716131E-04   0.1280033E-04   0.3104343E-05
     18   0.2569462E-04   0.1677958E-02   0.9419912E-07   0.3464030E-06   0.8188349E-04   0.1125196E-07
     19   0.2293267E-02   0.1234640E-02   0.2034658E-02   0.1814603E-06   0.3459217E-03   0.2970674E-05
     20   0.1232755E+00   0.1439885E-04   0.1846988E-01   0.8337717E-05   0.1771316E-04   0.1161021E-03
     21   0.2631819E-02   0.1294703E-04   0.2892552E+00   0.1435371E-03   0.4388553E-03   0.1789346E-05
     22   0.9126618E-03   0.8271408E-05   0.7495159E-01   0.3524161E-04   0.1232025E-02   0.4639304E-06
     23   0.4015045E-02   0.1270332E-05   0.6480913E-01   0.3016594E-04   0.4067564E-05   0.1352277E-05
     24   0.5964298E-04   0.2367268E-02   0.2100494E-03   0.1587701E-06   0.1775034E-04   0.2445031E-06
     25   0.8564222E-02   0.9346170E-03   0.9973700E-04   0.1094145E-06   0.2516094E-05   0.3681624E-05
     26   0.2937864E+00   0.3091302E-04   0.3602824E-02   0.9409095E-06   0.5943465E-04   0.1518389E-03
     27   0.1005299E+00   0.9572301E-04   0.3586371E-01   0.5205479E-05   0.3229548E-04   0.5781374E-04
     28   0.3174514E-02   0.1947747E-01   0.5886664E-03   0.5912017E-05   0.4555581E-06   0.1279594E-06
     29   0.3857498E-01   0.3900079E-02   0.4497122E-04   0.6059577E-06   0.3398170E-04   0.3065504E-04
     30   0.1793660E+00   0.3536043E-03   0.4919820E-02   0.3519829E-06   0.2381110E-04   0.1287881E-03
     31   0.7009351E-04   0.1868081E-02   0.2125537E-04   0.5344315E-06   0.3871176E-06   0.2501694E-06
     32   0.4676735E-01   0.8035018E-06   0.3163371E-02   0.5848030E-06   0.8242301E-05   0.1845037E-04
     33   0.8860185E-02   0.6038948E-03   0.4612442E-03   0.6051502E-07   0.3410713E-06   0.1706515E-04
     34   0.7694495E-03   0.1090629E-01   0.1504461E-05   0.2756613E-05   0.1063037E-04   0.2049875E-06
     35   0.1837748E-01   0.1195717E-01   0.4394214E-03   0.2664772E-05   0.7194903E-05   0.6789936E-04
     36   0.5067755E-02   0.4677389E-01   0.6572632E-04   0.1032081E-04   0.2402699E-08   0.5148119E-05
     37   0.4618238E-02   0.3432261E-03   0.1961121E-03   0.3199511E-10   0.1064059E-05   0.7420110E-05
     38   0.2981442E-02   0.3474641E-03   0.1460442E-03   0.2693277E-06   0.9549037E-06   0.3093986E-05
     39   0.2335678E-03   0.9823356E-04   0.4365679E-03   0.2151591E-07   0.1965489E-06   0.4723251E-07
     40   0.2948381E-04   0.1757083E-01   0.1145733E-06   0.3997967E-05   0.5053393E-06   0.8732546E-06
TOTAL     0.1370044E+01   0.6392940E+00   0.1275621E+01   0.4889095E-02   0.2628482E-02   0.5006155E-02

     T O T A L   E F F E C T I V E   M A S S

MODE NO.   X-COMPONENT     Y-COMPONENT     Z-COMPONENT     X-ROTATION      Y-ROTATION      Z-ROTATION

          0.1549036E+01   0.1549036E+01   0.1549036E+01   0.5109736E-02   0.3396357E-02   0.7579833E-02

