
                        S T E P       1


     E I G E N V A L U E   O U T P U T

 MODE NO    EIGENVALUE                       FREQUENCY   
                                     REAL PART            IMAGINARY PART
                           (RAD/TIME)      (CYCLES/TIME     (RAD/TIME)

      1   0.1585914E+08   0.3982354E+04   0.6338113E+03   0.0000000E+00
      2   0.8985790E+08   0.9479341E+04   0.1508684E+04   0.0000000E+00
      3   0.5889791E+09   0.2426889E+05   0.3862514E+04   0.0000000E+00
      4   0.6272422E+09   0.2504480E+05   0.3986004E+04   0.0000000E+00
      5   0.2331655E+10   0.4828721E+05   0.7685149E+04   0.0000000E+00
      6   0.3512187E+10   0.5926371E+05   0.9432112E+04   0.0000000E+00
      7   0.4433016E+10   0.6658090E+05   0.1059668E+05   0.0000000E+00
      8   0.5904171E+10   0.7683860E+05   0.1222924E+05   0.0000000E+00
      9   0.1100419E+11   0.1049009E+06   0.1669549E+05   0.0000000E+00
     10   0.1240856E+11   0.1113937E+06   0.1772886E+05   0.0000000E+00
     11   0.1531585E+11   0.1237572E+06   0.1969658E+05   0.0000000E+00
     12   0.1758818E+11   0.1326204E+06   0.2110720E+05   0.0000000E+00
     13   0.2069699E+11   0.1438645E+06   0.2289675E+05   0.0000000E+00
     14   0.2488369E+11   0.1577456E+06   0.2510600E+05   0.0000000E+00
     15   0.2513577E+11   0.1585427E+06   0.2523285E+05   0.0000000E+00
     16   0.2846071E+11   0.1687030E+06   0.2684992E+05   0.0000000E+00
     17   0.3340976E+11   0.1827834E+06   0.2909088E+05   0.0000000E+00
     18   0.3818195E+11   0.1954020E+06   0.3109920E+05   0.0000000E+00
     19   0.4385109E+11   0.2094065E+06   0.3332808E+05   0.0000000E+00
     20   0.4684311E+11   0.2164327E+06   0.3444633E+05   0.0000000E+00
     21   0.5478336E+11   0.2340584E+06   0.3725156E+05   0.0000000E+00
     22   0.5980539E+11   0.2445514E+06   0.3892157E+05   0.0000000E+00
     23   0.6334132E+11   0.2516770E+06   0.4005564E+05   0.0000000E+00
     24   0.6906352E+11   0.2627994E+06   0.4182582E+05   0.0000000E+00
     25   0.7979493E+11   0.2824800E+06   0.4495808E+05   0.0000000E+00
     26   0.8150183E+11   0.2854853E+06   0.4543639E+05   0.0000000E+00
     27   0.8640485E+11   0.2939470E+06   0.4678312E+05   0.0000000E+00
     28   0.8789284E+11   0.2964673E+06   0.4718423E+05   0.0000000E+00
     29   0.8996259E+11   0.2999376E+06   0.4773656E+05   0.0000000E+00
     30   0.9485911E+11   0.3079921E+06   0.4901846E+05   0.0000000E+00
     31   0.9929306E+11   0.3151080E+06   0.5015100E+05   0.0000000E+00
     32   0.1018025E+12   0.3190650E+06   0.5078077E+05   0.0000000E+00
     33   0.1046401E+12   0.3234812E+06   0.5148363E+05   0.0000000E+00
     34   0.1077121E+12   0.3281952E+06   0.5223388E+05   0.0000000E+00
     35   0.1206274E+12   0.3473146E+06   0.5527683E+05   0.0000000E+00
     36   0.1244789E+12   0.3528157E+06   0.5615237E+05   0.0000000E+00
     37   0.1271359E+12   0.3565612E+06   0.5674847E+05   0.0000000E+00
     38   0.1305579E+12   0.3613280E+06   0.5750714E+05   0.0000000E+00
     39   0.1371880E+12   0.3703890E+06   0.5894924E+05   0.0000000E+00
     40   0.1415426E+12   0.3762215E+06   0.5987751E+05   0.0000000E+00

     P A R T I C I P A T I O N   F A C T O R S

MODE NO.   X-COMPONENT     Y-COMPONENT     Z-COMPONENT     X-ROTATION      Y-ROTATION      Z-ROTATION

      1   0.4101634E+00  -0.3371904E-02   0.1845082E-03   0.2960058E-05  -0.6151659E-02  -0.4452666E-01
      2   0.8606142E-03  -0.3734150E-04  -0.4382982E+00  -0.4583647E-01  -0.2399653E-02  -0.5561903E-04
      3  -0.2398878E+00   0.2648573E-01  -0.3368822E-02   0.2392379E-03   0.3584926E-02   0.1137344E-01
      4  -0.3623845E-03   0.8537696E-03   0.1119485E-01   0.8105134E-03  -0.4407956E-02   0.1379217E-04
      5  -0.7198698E-02   0.4427788E-02   0.3047707E+00   0.1059896E-01   0.2383983E-02   0.2542822E-03
      6  -0.1220895E+00   0.4128943E+00  -0.1063938E-01   0.5859441E-02   0.1778511E-02   0.1708888E-02
      7   0.1290960E+00   0.2964360E+00   0.1229312E-01   0.4805040E-02  -0.1776442E-02  -0.6549846E-02
      8  -0.1420471E-02   0.1754802E-01   0.5366491E-02   0.3949987E-03  -0.2157267E-02  -0.7828421E-04
      9   0.7067821E-01   0.1425011E-01  -0.3179403E+00  -0.6675427E-02  -0.7336906E-02  -0.2132883E-02
     10  -0.2302925E+00  -0.2706059E-01  -0.1340808E+00  -0.3216477E-02   0.2892510E-03   0.6594654E-02
     11  -0.1351028E-01   0.7493617E-02   0.4376032E+00   0.9845929E-02   0.2704983E-01   0.3069642E-03
     12   0.1834051E-01   0.3653475E-01  -0.1173705E+00  -0.1973739E-02  -0.7360011E-02  -0.7866365E-03
     13   0.4483924E+00  -0.1190242E-01  -0.3184091E-01  -0.5919275E-03  -0.5923417E-02  -0.1074548E-01
     14   0.2184265E+00   0.6781587E-01   0.1206708E+00   0.2598823E-02  -0.5014916E-02  -0.5747709E-02
     15  -0.8096453E-02  -0.9102228E-01   0.7256089E-01  -0.5004335E-03  -0.2401039E-02   0.1026053E-02
     16   0.3146383E+00   0.1661846E-01  -0.4221864E-01  -0.3190101E-03  -0.3837371E-02  -0.7488831E-02
     17   0.7783856E-01   0.7201999E-01  -0.2659271E-01   0.1067490E-02  -0.3108871E-02  -0.2612131E-02
     18   0.9186493E-01   0.1800587E+00   0.1494500E-01   0.2676684E-02  -0.7092344E-03  -0.4257002E-02
     19  -0.4901653E-01  -0.1752253E-01  -0.1935340E-01  -0.5510755E-03   0.9947809E-03   0.2456975E-02
     20  -0.6631666E-02   0.8533610E-01  -0.9546492E-02   0.1326522E-02  -0.3974081E-03   0.6866145E-03
     21   0.9100691E-02  -0.2363534E-01   0.1099306E+00   0.2407456E-03   0.1466324E-02   0.1300319E-02
     22   0.5957550E-01  -0.8010235E-01  -0.3652540E-02  -0.1205361E-02  -0.9555826E-03   0.4431732E-02
     23  -0.6219576E-01   0.1017921E+00   0.3271784E-01   0.1675321E-02   0.1630689E-02  -0.4740015E-02
     24   0.1774704E-01   0.8577761E-02   0.3408517E-01   0.1957441E-03   0.2972183E-02   0.3884030E-03
     25  -0.1669491E-01  -0.1395194E+00   0.3325871E-01  -0.1970256E-02   0.2598296E-02   0.3980514E-02
     26  -0.7531979E-01   0.5169840E+00  -0.6646754E-02   0.7749167E-02   0.1425970E-02  -0.2442506E-01
     27   0.9786426E-01   0.1346686E+00   0.5254120E-01   0.2116905E-02  -0.5992959E-03   0.8004540E-03
     28   0.5962996E-01  -0.3110440E-01  -0.5683615E-01  -0.5184775E-03  -0.8947360E-03   0.7277632E-02
     29  -0.4337897E-02   0.3300531E-01   0.1308875E-01   0.5444682E-03   0.2154312E-02  -0.2743724E-02
     30  -0.7402320E-01  -0.1503343E+00   0.2065000E-01  -0.2258243E-02   0.1734460E-02   0.7799867E-02
     31  -0.5320639E-01   0.6034662E-01  -0.9836697E-02   0.9014663E-03   0.7182692E-03  -0.4423111E-02
     32  -0.1012567E-01   0.1617888E-02   0.1184656E+00  -0.1922349E-03   0.4111878E-02   0.1138660E-03
     33  -0.2254561E-02  -0.2283172E-02  -0.2373594E+00   0.8029592E-03  -0.1231820E-01   0.1618049E-03
     34  -0.8000048E-02   0.2585852E-02  -0.2604014E-01   0.2865312E-03  -0.3387234E-02   0.3062847E-04
     35   0.2547045E-02   0.3529661E-02   0.1046636E+00  -0.4092810E-03   0.2533789E-02  -0.9269720E-04
     36  -0.5088976E-01   0.6485720E-01  -0.1612732E-01   0.8497161E-03   0.6061309E-03  -0.9410379E-03
     37  -0.4331694E-01   0.6205353E-01   0.1160693E-01   0.1105766E-02   0.8584181E-03  -0.1115513E-02
     38  -0.6993531E-02   0.6208893E-02  -0.2059521E-01   0.1355729E-04   0.2264431E-03  -0.1436235E-03
     39   0.5998405E-02  -0.1009567E-01  -0.4454441E-01   0.2221195E-03  -0.8940755E-04   0.2592885E-03
     40   0.3393307E-02   0.1280672E-01  -0.1461510E-01   0.2623677E-03  -0.2494563E-02  -0.3966570E-03

     E F F E C T I V E   M O D A L   M A S S

MODE NO.   X-COMPONENT     Y-COMPONENT     Z-COMPONENT     X-ROTATION      Y-ROTATION      Z-ROTATION

      1   0.1682340E+00   0.1136974E-04   0.3404326E-07   0.8761942E-11   0.3784291E-04   0.1982624E-02
      2   0.7406567E-06   0.1394388E-08   0.1921053E+00   0.2100982E-02   0.5758333E-05   0.3093476E-08
      3   0.5754615E-01   0.7014939E-03   0.1134896E-04   0.5723476E-07   0.1285169E-04   0.1293551E-03
      4   0.1313225E-06   0.7289226E-06   0.1253247E-03   0.6569320E-06   0.1943008E-04   0.1902239E-09
      5   0.5182125E-04   0.1960531E-04   0.9288518E-01   0.1123379E-03   0.5683373E-05   0.6465944E-07
      6   0.1490583E-01   0.1704817E+00   0.1131963E-03   0.3433305E-04   0.3163100E-05   0.2920298E-05
      7   0.1666578E-01   0.8787433E-01   0.1511208E-03   0.2308841E-04   0.3155747E-05   0.4290049E-04
      8   0.2017737E-05   0.3079329E-03   0.2879923E-04   0.1560239E-06   0.4653800E-05   0.6128417E-08
      9   0.4995409E-02   0.2030657E-03   0.1010860E+00   0.4456133E-04   0.5383019E-04   0.4549192E-05
     10   0.5303465E-01   0.7322757E-03   0.1797765E-01   0.1034573E-04   0.8366612E-07   0.4348946E-04
     11   0.1825276E-03   0.5615429E-04   0.1914965E+00   0.9694232E-04   0.7316935E-03   0.9422702E-07
     12   0.3363742E-03   0.1334788E-02   0.1377584E-01   0.3895647E-05   0.5416976E-04   0.6187971E-06
     13   0.2010557E+00   0.1416677E-03   0.1013843E-02   0.3503781E-06   0.3508687E-04   0.1154654E-03
     14   0.4771014E-01   0.4598992E-02   0.1456145E-01   0.6753880E-05   0.2514938E-04   0.3303616E-04
     15   0.6555255E-04   0.8285056E-02   0.5265082E-02   0.2504337E-06   0.5764990E-05   0.1052786E-05
     16   0.9899725E-01   0.2761732E-03   0.1782414E-02   0.1017674E-06   0.1472542E-04   0.5608258E-04
     17   0.6058842E-02   0.5186878E-02   0.7071721E-03   0.1139534E-05   0.9665082E-05   0.6823230E-05
     18   0.8439164E-02   0.3242112E-01   0.2233530E-03   0.7164638E-05   0.5030134E-06   0.1812207E-04
     19   0.2402620E-02   0.3070390E-03   0.3745540E-03   0.3036843E-06   0.9895891E-06   0.6036728E-05
     20   0.4397900E-04   0.7282250E-02   0.9113551E-04   0.1759660E-05   0.1579332E-06   0.4714395E-06
     21   0.8282258E-04   0.5586293E-03   0.1208473E-01   0.5795846E-07   0.2150105E-05   0.1690829E-05
     22   0.3549240E-02   0.6416386E-02   0.1334105E-04   0.1452895E-05   0.9131380E-06   0.1964025E-04
     23   0.3868312E-02   0.1036162E-01   0.1070457E-02   0.2806700E-05   0.2659148E-05   0.2246774E-04
     24   0.3149574E-03   0.7357798E-04   0.1161799E-02   0.3831574E-07   0.8833874E-05   0.1508569E-06
     25   0.2787200E-03   0.1946567E-01   0.1106142E-02   0.3881908E-05   0.6751142E-05   0.1584449E-04
     26   0.5673070E-02   0.2672724E+00   0.4417933E-04   0.6004958E-04   0.2033392E-05   0.5965833E-03
     27   0.9577413E-02   0.1813564E-01   0.2760578E-02   0.4481287E-05   0.3591556E-06   0.6407266E-06
     28   0.3555732E-02   0.9674837E-03   0.3230348E-02   0.2688189E-06   0.8005524E-06   0.5296392E-04
     29   0.1881735E-04   0.1089351E-02   0.1713155E-03   0.2964456E-06   0.4641058E-05   0.7528020E-05
     30   0.5479434E-02   0.2260040E-01   0.4264226E-03   0.5099659E-05   0.3008353E-05   0.6083793E-04
     31   0.2830920E-02   0.3641714E-02   0.9676060E-04   0.8126415E-06   0.5159107E-06   0.1956391E-04
     32   0.1025292E-03   0.2617562E-05   0.1403411E-01   0.3695425E-07   0.1690754E-04   0.1296548E-07
     33   0.5083047E-05   0.5212874E-05   0.5633946E-01   0.6447434E-06   0.1517382E-03   0.2618084E-07
     34   0.6400077E-04   0.6686628E-05   0.6780891E-03   0.8210013E-07   0.1147335E-04   0.9381034E-09
     35   0.6487436E-05   0.1245851E-04   0.1095446E-01   0.1675109E-06   0.6420085E-05   0.8592771E-08
     36   0.2589768E-02   0.4206456E-02   0.2600904E-03   0.7220175E-06   0.3673946E-06   0.8855524E-06
     37   0.1876358E-02   0.3850640E-02   0.1347209E-03   0.1222719E-05   0.7368816E-06   0.1244369E-05
     38   0.4890948E-04   0.3855035E-04   0.4241626E-03   0.1838002E-09   0.5127647E-07   0.2062771E-07
     39   0.3598086E-04   0.1019225E-03   0.1984204E-02   0.4933707E-07   0.7993709E-08   0.6723054E-07
     40   0.1151453E-04   0.1640121E-03   0.2136012E-03   0.6883680E-07   0.6222846E-05   0.1573368E-06
TOTAL     0.7206988E+00   0.6791941E+00   0.7409644E+00   0.2527421E-02   0.1250950E-02   0.3244052E-02

     T O T A L   E F F E C T I V E   M A S S

MODE NO.   X-COMPONENT     Y-COMPONENT     Z-COMPONENT     X-ROTATION      Y-ROTATION      Z-ROTATION

          0.7796082E+00   0.7796082E+00   0.7796082E+00   0.2556058E-02   0.1349146E-02   0.3439693E-02

