
                        S T E P       1


     E I G E N V A L U E   O U T P U T

 MODE NO    EIGENVALUE                       FREQUENCY   
                                     REAL PART            IMAGINARY PART
                           (RAD/TIME)      (CYCLES/TIME     (RAD/TIME)

      1   0.1585914E+08   0.3982354E+04   0.6338113E+03   0.0000000E+00
      2   0.8985790E+08   0.9479341E+04   0.1508684E+04   0.0000000E+00
      3   0.5889791E+09   0.2426889E+05   0.3862514E+04   0.0000000E+00
      4   0.6272422E+09   0.2504480E+05   0.3986004E+04   0.0000000E+00
      5   0.2331655E+10   0.4828721E+05   0.7685149E+04   0.0000000E+00
      6   0.3512187E+10   0.5926371E+05   0.9432112E+04   0.0000000E+00
      7   0.4433016E+10   0.6658090E+05   0.1059668E+05   0.0000000E+00
      8   0.5904170E+10   0.7683860E+05   0.1222924E+05   0.0000000E+00
      9   0.1100419E+11   0.1049009E+06   0.1669549E+05   0.0000000E+00
     10   0.1240856E+11   0.1113937E+06   0.1772886E+05   0.0000000E+00
     11   0.1531585E+11   0.1237572E+06   0.1969658E+05   0.0000000E+00
     12   0.1758818E+11   0.1326204E+06   0.2110720E+05   0.0000000E+00
     13   0.2069699E+11   0.1438645E+06   0.2289675E+05   0.0000000E+00
     14   0.2488369E+11   0.1577456E+06   0.2510600E+05   0.0000000E+00
     15   0.2513577E+11   0.1585426E+06   0.2523285E+05   0.0000000E+00
     16   0.2846071E+11   0.1687030E+06   0.2684992E+05   0.0000000E+00
     17   0.3340976E+11   0.1827834E+06   0.2909088E+05   0.0000000E+00
     18   0.3818195E+11   0.1954020E+06   0.3109920E+05   0.0000000E+00
     19   0.4385109E+11   0.2094065E+06   0.3332808E+05   0.0000000E+00
     20   0.4684311E+11   0.2164327E+06   0.3444633E+05   0.0000000E+00
     21   0.5478336E+11   0.2340584E+06   0.3725156E+05   0.0000000E+00
     22   0.5980539E+11   0.2445514E+06   0.3892157E+05   0.0000000E+00
     23   0.6334132E+11   0.2516770E+06   0.4005564E+05   0.0000000E+00
     24   0.6906352E+11   0.2627994E+06   0.4182582E+05   0.0000000E+00
     25   0.7979493E+11   0.2824800E+06   0.4495808E+05   0.0000000E+00
     26   0.8150183E+11   0.2854853E+06   0.4543639E+05   0.0000000E+00
     27   0.8640485E+11   0.2939470E+06   0.4678312E+05   0.0000000E+00
     28   0.8789284E+11   0.2964673E+06   0.4718423E+05   0.0000000E+00
     29   0.8996259E+11   0.2999376E+06   0.4773656E+05   0.0000000E+00
     30   0.9485911E+11   0.3079921E+06   0.4901846E+05   0.0000000E+00
     31   0.9929306E+11   0.3151080E+06   0.5015100E+05   0.0000000E+00
     32   0.1018025E+12   0.3190650E+06   0.5078077E+05   0.0000000E+00
     33   0.1046401E+12   0.3234812E+06   0.5148363E+05   0.0000000E+00
     34   0.1077121E+12   0.3281952E+06   0.5223388E+05   0.0000000E+00
     35   0.1206274E+12   0.3473146E+06   0.5527683E+05   0.0000000E+00
     36   0.1244789E+12   0.3528157E+06   0.5615237E+05   0.0000000E+00
     37   0.1271359E+12   0.3565612E+06   0.5674847E+05   0.0000000E+00
     38   0.1305579E+12   0.3613280E+06   0.5750714E+05   0.0000000E+00
     39   0.1371880E+12   0.3703890E+06   0.5894924E+05   0.0000000E+00
     40   0.1415426E+12   0.3762215E+06   0.5987751E+05   0.0000000E+00

     P A R T I C I P A T I O N   F A C T O R S

MODE NO.   X-COMPONENT     Y-COMPONENT     Z-COMPONENT     X-ROTATION      Y-ROTATION      Z-ROTATION

      1   0.4101634E+00   0.3371904E-02   0.1845089E-03   0.1041173E-03  -0.6155735E-02  -0.4448114E-01
      2   0.8606147E-03   0.3734162E-04  -0.4382982E+00  -0.4583535E-01   0.8290861E-02  -0.5511498E-04
      3   0.2398878E+00   0.2648573E-01   0.3368823E-02   0.5553341E-03  -0.3657186E-02  -0.1101588E-01
      4   0.3624186E-03   0.8537738E-03  -0.1119485E-01  -0.7849004E-03  -0.4267698E-02  -0.2267844E-05
      5   0.7198698E-02   0.4427789E-02  -0.3047707E+00  -0.1046612E-01   0.6282426E-02  -0.1945071E-03
      6   0.1220894E+00   0.4128943E+00   0.1063938E-01   0.6527388E-02  -0.2027805E-02   0.3865185E-02
      7   0.1290960E+00  -0.2964360E+00   0.1229312E-01  -0.4088041E-02  -0.2262395E-02  -0.1055173E-01
      8  -0.1420475E-02  -0.1754801E-01   0.5366493E-02  -0.1314418E-03   0.2127433E-02  -0.3151822E-03
      9   0.7067821E-01  -0.1425011E-01  -0.3179403E+00  -0.7102931E-02   0.9508754E-02  -0.2325260E-02
     10   0.2302925E+00  -0.2706059E-01   0.1340808E+00   0.2404660E-02  -0.8429616E-02  -0.6959972E-02
     11  -0.1351027E-01  -0.7493617E-02   0.4376031E+00   0.9621121E-02  -0.3255217E-01   0.2058003E-03
     12  -0.1834051E-01   0.3653475E-01   0.1173705E+00   0.3069782E-02  -0.8394297E-02   0.1279856E-02
     13   0.4483924E+00   0.1190243E-01  -0.3184091E-01  -0.2348547E-03  -0.7098503E-02  -0.1058480E-01
     14   0.2184266E+00  -0.6781597E-01   0.1206707E+00   0.5643442E-03  -0.3166938E-02  -0.6663227E-02
     15  -0.8096244E-02   0.9102220E-01   0.7256103E-01   0.2230236E-02   0.1664358E-02   0.2254847E-02
     16   0.3146383E+00  -0.1661845E-01  -0.4221865E-01  -0.8175638E-03  -0.5031825E-02  -0.7713179E-02
     17   0.7783856E-01  -0.7201998E-01  -0.2659271E-01  -0.1093110E-02   0.1132716E-02  -0.3584401E-02
     18   0.9186494E-01  -0.1800587E+00   0.1494500E-01  -0.2725076E-02  -0.2248471E-02  -0.6687795E-02
     19  -0.4901653E-01   0.1752253E-01  -0.1935339E-01  -0.2539963E-04   0.7369858E-03   0.2693529E-02
     20  -0.6631671E-02  -0.8533610E-01  -0.9546495E-02  -0.1233561E-02   0.7252358E-03  -0.4654226E-03
     21   0.9100691E-02   0.2363534E-01   0.1099306E+00   0.9498058E-03  -0.3223407E-02   0.1619396E-02
     22   0.5957549E-01   0.8010234E-01  -0.3652535E-02   0.1197710E-02  -0.7823732E-03   0.5513113E-02
     23  -0.6219576E-01  -0.1017921E+00   0.3271784E-01  -0.1378441E-02  -0.2065072E-03  -0.6114208E-02
     24   0.1774703E-01  -0.8577774E-02   0.3408517E-01  -0.6158894E-04  -0.3964744E-02   0.2726024E-03
     25   0.1669490E-01  -0.1395194E+00  -0.3325870E-01  -0.2215327E-02   0.2546441E-02  -0.5864027E-02
     26  -0.7531979E-01  -0.5169840E+00  -0.6646754E-02  -0.7760352E-02   0.9233544E-03  -0.3140434E-01
     27  -0.9786425E-01   0.1346687E+00  -0.5254120E-01   0.1923154E-02   0.3045938E-02   0.1017574E-02
     28  -0.5962998E-01  -0.3110436E-01   0.5683614E-01  -0.4146539E-03   0.1268753E-03  -0.7697540E-02
     29   0.4337894E-02   0.3300532E-01  -0.1308877E-01   0.4456912E-03   0.2200874E-02   0.3189295E-02
     30  -0.7402319E-01   0.1503343E+00   0.2065000E-01   0.2251786E-02   0.2074604E-03   0.9829381E-02
     31  -0.5320639E-01  -0.6034661E-01  -0.9836692E-02  -0.9089322E-03   0.1010718E-02  -0.5237790E-02
     32   0.1012567E-01   0.1617887E-02  -0.1184657E+00   0.2407716E-03   0.5407397E-02  -0.9202454E-04
     33  -0.2254568E-02   0.2283171E-02  -0.2373593E+00   0.8714543E-03   0.1559019E-01   0.1926277E-03
     34   0.8000046E-02   0.2585851E-02   0.2604008E-01  -0.2089554E-03  -0.3978773E-02   0.4280554E-05
     35  -0.2547045E-02   0.3529659E-02  -0.1046636E+00   0.5151708E-03   0.4023159E-02   0.1403475E-03
     36  -0.5088976E-01  -0.6485719E-01  -0.1612732E-01  -0.1096000E-02   0.1138281E-02  -0.1816610E-02
     37   0.4331695E-01   0.6205353E-01  -0.1160694E-01   0.7558397E-03  -0.2843966E-03   0.1953236E-02
     38  -0.6993531E-02  -0.6208889E-02  -0.2059521E-01  -0.1727095E-03   0.2613981E-03  -0.2274434E-03
     39   0.5998405E-02   0.1009567E-01  -0.4454442E-01   0.5249896E-03   0.5108052E-03   0.3955801E-03
     40  -0.3393305E-02   0.1280671E-01   0.1461510E-01   0.1218338E-03  -0.2590068E-02   0.5695474E-03

     E F F E C T I V E   M O D A L   M A S S

MODE NO.   X-COMPONENT     Y-COMPONENT     Z-COMPONENT     X-ROTATION      Y-ROTATION      Z-ROTATION

      1   0.1682340E+00   0.1136974E-04   0.3404355E-07   0.1084041E-07   0.3789307E-04   0.1978572E-02
      2   0.7406576E-06   0.1394397E-08   0.1921053E+00   0.2100880E-02   0.6873837E-04   0.3037661E-08
      3   0.5754615E-01   0.7014939E-03   0.1134897E-04   0.3083960E-06   0.1337501E-04   0.1213497E-03
      4   0.1313473E-06   0.7289297E-06   0.1253247E-03   0.6160686E-06   0.1821325E-04   0.5143116E-11
      5   0.5182126E-04   0.1960531E-04   0.9288518E-01   0.1095397E-03   0.3946888E-04   0.3783300E-07
      6   0.1490583E-01   0.1704817E+00   0.1131963E-03   0.4260679E-04   0.4111991E-05   0.1493966E-04
      7   0.1666578E-01   0.8787433E-01   0.1511208E-03   0.1671208E-04   0.5118431E-05   0.1113391E-03
      8   0.2017750E-05   0.3079328E-03   0.2879925E-04   0.1727694E-07   0.4525972E-05   0.9933982E-07
      9   0.4995410E-02   0.2030657E-03   0.1010860E+00   0.5045162E-04   0.9041640E-04   0.5406835E-05
     10   0.5303465E-01   0.7322758E-03   0.1797765E-01   0.5782388E-05   0.7105842E-04   0.4844121E-04
     11   0.1825275E-03   0.5615430E-04   0.1914965E+00   0.9256596E-04   0.1059644E-02   0.4235375E-07
     12   0.3363744E-03   0.1334788E-02   0.1377584E-01   0.9423560E-05   0.7046423E-04   0.1638031E-05
     13   0.2010557E+00   0.1416679E-03   0.1013843E-02   0.5515672E-07   0.5038874E-04   0.1120380E-03
     14   0.4771016E-01   0.4599006E-02   0.1456143E-01   0.3184844E-06   0.1002950E-04   0.4439859E-04
     15   0.6554917E-04   0.8285041E-02   0.5265103E-02   0.4973951E-05   0.2770087E-05   0.5084337E-05
     16   0.9899724E-01   0.2761727E-03   0.1782414E-02   0.6684105E-06   0.2531926E-04   0.5949313E-04
     17   0.6058841E-02   0.5186877E-02   0.7071722E-03   0.1194889E-05   0.1283046E-05   0.1284793E-04
     18   0.8439166E-02   0.3242112E-01   0.2233529E-03   0.7426038E-05   0.5055622E-05   0.4472660E-04
     19   0.2402621E-02   0.3070391E-03   0.3745539E-03   0.6451412E-09   0.5431481E-06   0.7255101E-05
     20   0.4397906E-04   0.7282249E-02   0.9113556E-04   0.1521673E-05   0.5259670E-06   0.2166182E-06
     21   0.8282257E-04   0.5586291E-03   0.1208473E-01   0.9021311E-06   0.1039035E-04   0.2622443E-05
     22   0.3549239E-02   0.6416385E-02   0.1334101E-04   0.1434508E-05   0.6121079E-06   0.3039441E-04
     23   0.3868313E-02   0.1036162E-01   0.1070457E-02   0.1900100E-05   0.4264524E-07   0.3738354E-04
     24   0.3149570E-03   0.7357820E-04   0.1161799E-02   0.3793198E-08   0.1571920E-04   0.7431205E-07
     25   0.2787197E-03   0.1946567E-01   0.1106141E-02   0.4907675E-05   0.6484361E-05   0.3438681E-04
     26   0.5673070E-02   0.2672724E+00   0.4417933E-04   0.6022307E-04   0.8525834E-06   0.9862325E-03
     27   0.9577411E-02   0.1813565E-01   0.2760578E-02   0.3698523E-05   0.9277736E-05   0.1035457E-05
     28   0.3555734E-02   0.9674811E-03   0.3230347E-02   0.1719379E-06   0.1609734E-07   0.5925212E-04
     29   0.1881732E-04   0.1089351E-02   0.1713159E-03   0.1986407E-06   0.4843844E-05   0.1017160E-04
     30   0.5479433E-02   0.2260040E-01   0.4264225E-03   0.5070542E-05   0.4303980E-07   0.9661673E-04
     31   0.2830920E-02   0.3641714E-02   0.9676052E-04   0.8261577E-06   0.1021550E-05   0.2743444E-04
     32   0.1025292E-03   0.2617559E-05   0.1403412E-01   0.5797097E-07   0.2923994E-04   0.8468516E-08
     33   0.5083076E-05   0.5212870E-05   0.5633946E-01   0.7594327E-06   0.2430541E-03   0.3710545E-07
     34   0.6400074E-04   0.6686623E-05   0.6780859E-03   0.4366236E-07   0.1583063E-04   0.1832315E-10
     35   0.6487437E-05   0.1245849E-04   0.1095446E-01   0.2654010E-06   0.1618581E-04   0.1969743E-07
     36   0.2589768E-02   0.4206456E-02   0.2600905E-03   0.1201215E-05   0.1295684E-05   0.3300072E-05
     37   0.1876358E-02   0.3850640E-02   0.1347210E-03   0.5712937E-06   0.8088141E-07   0.3815129E-05
     38   0.4890947E-04   0.3855030E-04   0.4241626E-03   0.2982857E-07   0.6832894E-07   0.5173050E-07
     39   0.3598086E-04   0.1019226E-03   0.1984205E-02   0.2756141E-06   0.2609219E-06   0.1564836E-06
     40   0.1151452E-04   0.1640119E-03   0.2136012E-03   0.1484348E-07   0.6708452E-05   0.3243842E-06
TOTAL     0.7206988E+00   0.6791941E+00   0.7409644E+00   0.2527630E-02   0.1940971E-02   0.3861247E-02

     T O T A L   E F F E C T I V E   M A S S

MODE NO.   X-COMPONENT     Y-COMPONENT     Z-COMPONENT     X-ROTATION      Y-ROTATION      Z-ROTATION

          0.7796082E+00   0.7796082E+00   0.7796082E+00   0.2558005E-02   0.2088282E-02   0.4176883E-02

